chr1 1709335 1711383 1709715 1709967
chr1 20427117 20429165 20427432 20427776
chr1 20848525 20850573 20848835 20849179
chr1 24104109 24106157 24104781 24105125
chr1 27958259 27960307 27959081 27959425
chr1 28201555 28203603 28201854 28202198
chr1 28414164 28416212 28414945 28415289
chr1 32781567 32783615 32782095 32782439
chr1 35208179 35210227 35208281 35208625
chr1 40254084 40256132 40254644 40254833
chr1 41706475 41708523 41706902 41707246
chr1 59039269 59041317 59039448 59039792
chr1 79143802 79145850 79143999 79144343
chr1 87298732 87300780 87299334 87299678
chr1 109825433 109827481 109825958 109826302
chr1 110553447 110555495 110554259 110554603
chr1 114219660 114221708 114220477 114220821
chr1 151319121 151321169 151319368 151319712
chr1 153095102 153097150 153095556 153095900
chr1 155063322 155065370 155063914 155064258
chr1 160959204 160961252 160960048 160960392
chr1 162583032 162585080 162583478 162583822
chr1 170500851 170502899 170501150 170501494
chr1 173374288 173376336 173374914 173375258
chr1 181002079 181004127 181002219 181002563
chr1 181406285 181408333 181407122 181407466
chr1 192578099 192580147 192578229 192578573
chr1 210032917 210034965 210033659 210034003
chr1 211686920 211688968 211687334 211687678
chr1 212458043 212460091 212458678 212459022
chr1 221886842 221888890 221887634 221887978
chr1 234636033 234638081 234636874 234637218
chr1 236266477 236268525 236266947 236267291
chr1 242222863 242224911 242222973 242223317
chr1 246166277 246168325 246166429 246166773
chr1 248405683 248407731 248406465 248406809
chr1 1208587 1210635 1209006 1209380
chr1 6613586 6615634 6614349 6614813
chr1 8708375 8710423 8709149 8709367
chr1 9883683 9885731 9883851 9884170
chr1 21112675 21114723 21112985 21113333
chr1 26437539 26439587 26438172 26438570
chr1 27647663 27649711 27648460 27648980
chr1 33430217 33432265 33430450 33430768
chr1 35317688 35319736 35318279 35318623
chr1 35657069 35659117 35657572 35658145
chr1 36003963 36006011 36004658 36004880
chr1 39456338 39458386 39456773 39457149
chr1 45484229 45486277 45484377 45484575
chr1 71545628 71547676 71546481 71546821
chr1 76189958 76192006 76190333 76190634
chr1 111991286 111993334 111991837 111992292
chr1 115123963 115126011 115124324 115124643
chr1 153630234 153632282 153631029 153631386
chr1 154580198 154582246 154580455 154580976
chr1 155880371 155882419 155881006 155881319
chr1 156023857 156025905 156024444 156024652
chr1 156251651 156253699 156252355 156252939
chr1 171453840 171455888 171454485 171454852
chr1 179850651 179852699 179851428 179852075
chr1 193028225 193030273 193028437 193028665
chr1 202317412 202319460 202317553 202318161
chr1 204484742 204486790 204485378 204485709
chr1 205091019 205093067 205091302 205091548
chr1 207924602 207926650 207925466 207925744
chr1 229643411 229645459 229643956 229644270
chr1 230777725 230779773 230778013 230778410
chr1 233431136 233433184 233431342 233431540
chr1 231663344 231665392 231664195 231664539
chr1 244997607 244999655 244998496 244999176
chr1 1225359 1227407 1225562 1225906
chr1 3571247 3573295 3571806 3572150
chr1 8013900 8015948 8014215 8014559
chr1 8483662 8485710 8484105 8484449
chr1 21921435 21923483 21922053 21922397
chr1 23939403 23941451 23939682 23940026
chr1 24528077 24530125 24528376 24528720
chr1 25798751 25800799 25799097 25799441
chr1 26362308 26364356 26362409 26362753
chr1 27714456 27716504 27714900 27715244
chr1 27956815 27958863 27957302 27957646
chr1 29062723 29064771 29063136 29063366
chr1 33815176 33817224 33815508 33815852
chr1 36850072 36852120 36850194 36850538
chr1 40133068 40135116 40133542 40133886
chr1 45060541 45062589 45060818 45061162
chr1 45251004 45253052 45251804 45252148
chr1 46010111 46012159 46010589 46010933
chr1 46908144 46910192 46908334 46908678
chr1 54410990 54413038 54411613 54411957
chr1 55487021 55489069 55487757 55488101
chr1 66969425 66971473 66969564 66969908
chr1 77366540 77368588 77366879 77367223
chr1 85319276 85321324 85320070 85320414
chr1 100541049 100543097 100541207 100541551
chr1 101184300 101186348 101185109 101185453
chr1 109743634 109745682 109743785 109744129
chr1 111873909 111875957 111874792 111875136
chr1 112038459 112040507 112038857 112039201
chr1 154153917 154155965 154154646 154154990
chr1 160509263 160511311 160509944 160510288
chr1 161014047 161016095 161014630 161014974
chr1 161695983 161698031 161696587 161696931
chr1 167637230 167639278 167637367 167637711
chr1 171770125 171772173 171770577 171770921
chr1 202087610 202089658 202088104 202088448
chr1 202661782 202663830 202662100 202662444
chr1 205599913 205601961 205600294 205600638
chr1 206898259 206900307 206898932 206899276
chr1 208107799 208109847 208108597 208108941
chr1 211499996 211502044 211500603 211500947
chr1 220258991 220261039 220259537 220259881
chr1 221650681 221652729 221651415 221651759
chr1 221930072 221932120 221930450 221930794
chr1 223913772 223915820 223914245 223914589
chr1 225615101 225617149 225615227 225615571
chr1 231663670 231665718 231664195 231664539
